
state={
	id=35
	name="STATE_35"
	provinces={
		92 171 654 819 822 823 962 1009 1118 1400 1404 1467 1470 1526 1683 1710 1736 1808 1950 1980 2070 2111 2115 2688 2712 2727 2731 2862 2904 3047 3132 3142 3330 3430 3689 3744 3750 4027 4032 4075 4181 4283 4298 4308 4389 4448 4449 4534 4539 4584 4617 4820 4898 4904 4905 4994 5150 5246 5258 5292 5407 5427 5428 5586 5619 5647 5655 5711 5756 5860 5876 5902 5924 5964 6038 6160 6170 6176 6185 6218 6229 6279 6298 6331 6376 6415 6420 6438 6441 6459 6477 6485 6561 6606 6636 6648 6732 6739 6766 6825 6872 6893 7821 7834 7835 7855 7856 7863 7876 7884 7889 7903 7908 7920 7925 7926 7931 7941 7944 7946 7949 7952 7959 7966 7967 7969 7971 7982 7988 7992 7997 7999 8000 8006 8007 8008 8010 8011 8023 8030 8033 8034 8038 8039 8040 8044 8050 8055 8057 8060 8063 8067 8071 8072 8075 8079 8080 8083 8084 8089 8093 8097 8099 8101 8102 8105 8114 8115 8124 8129 8130 8139 8140 8144 8145 8152 8154 8159 8166 8167 8172 8173 8175 8178 8181 8183 8187 8194 8204 8217 8218 8229 8248 8249 8260 8270 8287 8296 
	}
	manpower=0
	buildings_max_level_factor=1.000
}
