
state={
	id=46
	name="STATE_46"
	provinces={
		106 433 456 834 1087 1173 1634 1847 1937 2044 2480 2936 2957 2971 3326 3580 3655 3662 3902 3937 4232 4236 4243 4291 4363 4413 4587 4623 4692 4841 4874 4932 4982 5004 5059 5106 5190 5239 5252 5328 5459 5512 5558 5579 5649 5814 6363 6495 6518 6522 6579 6699 6748 8319 8324 8329 8389 8393 8406 8415 8425 8444 8453 8472 8476 8477 8486 8504 8511 8517 8530 8534 8539 8542 8552 8565 8580 8585 8586 8598 8605 8620 8628 8647 8657 8666 8667 8675 8680 8686 
	}
	manpower=0
	buildings_max_level_factor=1.000
}
